
Element["" "" "" "" 14470 21020 0 0 0 100 ""]
(
	Pin[0 20000 7874 2000 8474 4331 "" "2" ""]
	Pin[0 0 7874 2000 8474 4331 "" "1" ""]
	ElementLine [-3550 -18500 -3550 31000 394]
	ElementLine [6500 -18500 6500 31000 394]
	ElementLine [-1551 -16504 4496 -16504 394]
	ElementLine [4496 -16504 6488 -18496 394]
	ElementLine [-1559 -16512 -3543 -18496 394]
	ElementLine [-3550 -18500 6500 -18500 394]
	ElementLine [-1551 -16504 4488 -16504 394]
	ElementLine [6496 31000 -3528 31000 394]
	ElementLine [1461 -13955 1461 -17980 390]
	ElementLine [1461 -13955 24 -15392 394]
	ElementLine [1461 -13955 2898 -15392 394]

	)
