
Element["" "RJ11 4P4C socket (MHRJJ44NFRA)" "" "" 0 0 -15000 35000 0 100 ""]
(
	Pin[7500 -35000 6300 2000 6900 3500 "" "1" ""]
	Pin[-7500 -25000 6300 2000 6900 3500 "" "4" ""]
	Pin[2500 -25000 6300 2000 6900 3500 "" "2" ""]
	Pin[-2500 -35000 6300 2000 6900 3500 "" "3" ""]
	Pin[15000 0 12800 2000 12800 12800 "" "1" "hole"]
	Pin[-15000 0 12800 2000 12800 12800 "" "2" "hole"]
	ElementLine [-22000 41100 22000 41100 800]
	ElementLine [-22000 -40000 -8500 -40000 800]
	ElementLine [-8500 -40000 -8500 -29500 800]
	ElementLine [-8500 -29500 -6500 -29500 800]
	ElementLine [-6500 -29500 -6500 -40000 800]
	ElementLine [-6500 -40000 -3500 -40000 800]
	ElementLine [-3500 -40000 -3500 -39500 800]
	ElementLine [-3500 -39500 -1500 -39500 800]
	ElementLine [-1500 -39500 -1500 -40000 800]
	ElementLine [-1500 -40000 1500 -40000 800]
	ElementLine [1500 -40000 1500 -29500 800]
	ElementLine [1500 -29500 3500 -29500 800]
	ElementLine [3500 -29500 3500 -40000 800]
	ElementLine [3500 -40000 6500 -40000 800]
	ElementLine [6500 -40000 6500 -39500 800]
	ElementLine [6500 -39500 8500 -39500 800]
	ElementLine [8500 -39500 8500 -40000 800]
	ElementLine [8500 -40000 22000 -40000 800]
	ElementLine [22000 -40000 22000 41000 800]
	ElementLine [-22000 -40000 -22000 41000 800]
	ElementLine [-22000 27500 22000 27500 200]

	)
