
Element["" "" "" "" 150000 135000 0 0 0 100 ""]
(
	Pin[7500 -30000 6299 2000 6899 3504 "" "1" ""]
	Pin[-7500 -20000 6299 2000 6899 3504 "" "4" ""]
	Pin[2500 -20000 6299 2000 6899 3504 "" "2" ""]
	Pin[-2500 -30000 6299 2000 6899 3504 "" "3" ""]
	Pin[20000 5000 12800 2000 12800 12800 "" "1" "hole"]
	Pin[-20000 5000 12800 2000 12800 12800 "" "2" "hole"]
	ElementLine [-27000 43000 27000 43000 800]
	ElementLine [-13500 -38500 -13500 -33500 800]
	ElementLine [-13500 -33500 -11500 -33500 800]
	ElementLine [-11500 -33500 -11500 -38500 800]
	ElementLine [-11500 -38500 -8500 -38500 800]
	ElementLine [-8500 -38500 -8500 -23500 800]
	ElementLine [-8500 -23500 -6500 -23500 800]
	ElementLine [-6500 -23500 -6500 -38500 800]
	ElementLine [-6500 -38500 -3500 -38500 800]
	ElementLine [-3500 -38500 -3500 -33500 800]
	ElementLine [-3500 -33500 -1500 -33500 800]
	ElementLine [-1500 -33500 -1500 -38500 800]
	ElementLine [-1500 -38500 1500 -38500 800]
	ElementLine [1500 -38500 1500 -23500 800]
	ElementLine [1500 -23500 3500 -23500 800]
	ElementLine [3500 -23500 3500 -38500 800]
	ElementLine [3500 -38500 6500 -38500 800]
	ElementLine [6500 -38500 6500 -33500 800]
	ElementLine [6500 -33500 8500 -33500 800]
	ElementLine [8500 -33500 8500 -38500 800]
	ElementLine [8500 -38500 11500 -38500 800]
	ElementLine [11500 -38500 11500 -23500 800]
	ElementLine [11500 -23500 13500 -23500 800]
	ElementLine [13500 -23500 13500 -38500 800]
	ElementLine [-13500 -38500 -27000 -38500 800]
	ElementLine [27000 -38500 27000 43000 800]
	ElementLine [-27000 -38500 -27000 43000 800]
	ElementLine [13500 -38500 27000 -38500 800]
	ElementLine [-27000 32200 27000 32200 200]

	)
